#FILE	SEQUENCE	START	END	STRAND	GENE	COVERAGE	COVERAGE_MAP	GAPS	%COVERAGE	%IDENTITY	DATABASE	ACCESSION	PRODUCT	RESISTANCE
/home/chijioke/OHG_project/assembled_genome/GCA_024998045.1_ASM2499804v1_genomic.fna	JAGYHH010000001.1	66766	68665	-	espL1	1-1898/1898	========/======	2/2	100.00	97.63	vfdb		(espL1) Type III secretion system effector espL1 [TTSS secreted effectors (VF1111) - Effector delivery system (VFC0086)] [Escherichia coli O55:H7 str. CB9615]	
/home/chijioke/OHG_project/assembled_genome/GCA_024998045.1_ASM2499804v1_genomic.fna	JAGYHH010000002.1	49457	50877	-	espX1	1-1422/1422	========/======	1/1	99.93	93.32	vfdb	WP_000129342	(espX1) Type III secretion system effector EspX1 [TTSS secreted effectors (VF1111) - Effector delivery system (VFC0086)] [Escherichia coli O55:H7 str. CB9615]	
/home/chijioke/OHG_project/assembled_genome/GCA_024998045.1_ASM2499804v1_genomic.fna	JAGYHH010000002.1	89023	89834	+	espY1	1-753/753	========/======	3/61	99.87	86.96	vfdb	WP_001304001	(espY1) Type III secretion system effector EspY1 [TTSS secreted effectors (VF1110) - Effector delivery system (VFC0086)] [Escherichia coli O157:H7 str. EDL933]	
/home/chijioke/OHG_project/assembled_genome/GCA_024998045.1_ASM2499804v1_genomic.fna	JAGYHH010000004.1	145445	146485	-	ompA	1-1041/1041	===============	0/0	100.00	98.08	vfdb	AAF37887	(ompA) outer membrane protein A [OmpA (VF0236) - Invasion (VFC0083)] [Escherichia coli O18:K1:H7 str. RS218]	
/home/chijioke/OHG_project/assembled_genome/GCA_024998045.1_ASM2499804v1_genomic.fna	JAGYHH010000005.1	129604	130595	+	rpoS	2-993/993	========/======	2/2	99.80	92.85	vfdb	NP_461845	(rpoS) RNA polymerase sigma factor RpoS [RpoS (VF0112) - Regulation (VFC0301)] [Salmonella enterica subsp. enterica serovar Typhimurium str. LT2]	
/home/chijioke/OHG_project/assembled_genome/GCA_024998045.1_ASM2499804v1_genomic.fna	JAGYHH010000006.1	39125	42272	+	acrB	1-3145/3147	========/======	5/9	99.84	83.88	vfdb	WP_002892069	(acrB) acriflavine resistance protein B [AcrAB (VF0568) - Antimicrobial activity/Competitive advantage (VFC0325)] [Klebsiella pneumoniae subsp. pneumoniae NTUH-K2044]	
/home/chijioke/OHG_project/assembled_genome/GCA_024998045.1_ASM2499804v1_genomic.fna	JAGYHH010000011.1	30111	30780	+	phoP	4-673/675	===============	0/0	99.26	82.24	vfdb	NP_460201	(phoP) response regulator in two-component regulatory system with PhoQ [PhoPQ (VF0111) - Regulation (VFC0301)] [Salmonella enterica subsp. enterica serovar Typhimurium str. LT2]	
/home/chijioke/OHG_project/assembled_genome/GCA_024998045.1_ASM2499804v1_genomic.fna	JAGYHH010000011.1	83187	84236	-	flgI	49-1098/1098	========/======	2/2	95.54	80.69	vfdb	WP_013097134	(flgI) flagellar basal body P-ring protein FlgI [Flagella (VF1400) - Motility (VFC0204)] [Enterobacter cloacae strain M12X01451]	
/home/chijioke/OHG_project/assembled_genome/GCA_024998045.1_ASM2499804v1_genomic.fna	JAGYHH010000011.1	84296	84994	-	flgH	1-699/699	========/======	2/4	99.71	81.31	vfdb	WP_003857987	(flgH) flagellar basal body L-ring protein FlgH [Flagella (VF1400) - Motility (VFC0204)] [Enterobacter cloacae strain M12X01451]	
/home/chijioke/OHG_project/assembled_genome/GCA_024998045.1_ASM2499804v1_genomic.fna	JAGYHH010000011.1	85047	85829	-	flgG	1-783/783	===============	0/0	100.00	84.93	vfdb	WP_008500810	(flgG) flagellar basal-body rod protein FlgG [Flagella (VF1400) - Motility (VFC0204)] [Enterobacter cloacae strain M12X01451]	
/home/chijioke/OHG_project/assembled_genome/GCA_024998045.1_ASM2499804v1_genomic.fna	JAGYHH010000011.1	88716	89120	-	flgC	1-405/405	===============	0/0	100.00	82.72	vfdb	WP_013097138	(flgC) flagellar basal body rod protein FlgC [Flagella (VF1400) - Motility (VFC0204)] [Enterobacter cloacae strain M12X01451]	
/home/chijioke/OHG_project/assembled_genome/GCA_024998045.1_ASM2499804v1_genomic.fna	JAGYHH010000011.1	115266	115598	-	csgC	1-333/333	===============	0/0	100.00	98.50	vfdb	WP_000992818	(csgC) curli assembly protein CsgC [Curli fibers (VF1138) - Adherence (VFC0001)] [Escherichia coli O25b:H4-ST131]	
/home/chijioke/OHG_project/assembled_genome/GCA_024998045.1_ASM2499804v1_genomic.fna	JAGYHH010000011.1	115657	116112	-	csgA	1-459/459	========/======	1/3	99.35	91.72	vfdb	WP_000771429	(csgA) curlin major subunit CsgA [Curli fibers (VF1138) - Adherence (VFC0001)] [Escherichia coli O25b:H4-ST131]	
/home/chijioke/OHG_project/assembled_genome/GCA_024998045.1_ASM2499804v1_genomic.fna	JAGYHH010000011.1	116153	116608	-	csgB	1-456/456	===============	0/0	100.00	99.56	vfdb	WP_000791650	(csgB) curlin minor subunit CsgB [Curli fibers (VF1138) - Adherence (VFC0001)] [Escherichia coli O25b:H4-ST131]	
/home/chijioke/OHG_project/assembled_genome/GCA_024998045.1_ASM2499804v1_genomic.fna	JAGYHH010000011.1	117363	118013	+	cgsD	1-651/651	===============	0/0	100.00	99.08	vfdb	WP_000481500	(cgsD) transcriptional regulator CsgD [Curli fibers (VF1138) - Adherence (VFC0001)] [Escherichia coli O25b:H4-ST131]	
/home/chijioke/OHG_project/assembled_genome/GCA_024998045.1_ASM2499804v1_genomic.fna	JAGYHH010000011.1	118018	118407	+	cgsE	1-390/390	===============	0/0	100.00	98.72	vfdb	WP_000833288	(cgsE) curli production assembly/transport protein CsgE [Curli fibers (VF1138) - Adherence (VFC0001)] [Escherichia coli O25b:H4-ST131]	
/home/chijioke/OHG_project/assembled_genome/GCA_024998045.1_ASM2499804v1_genomic.fna	JAGYHH010000011.1	118432	118848	+	cgsF	1-417/417	===============	0/0	100.00	98.08	vfdb	WP_001264082	(cgsF) curli production assembly/transport protein CsgF [Curli fibers (VF1138) - Adherence (VFC0001)] [Escherichia coli O25b:H4-ST131]	
/home/chijioke/OHG_project/assembled_genome/GCA_024998045.1_ASM2499804v1_genomic.fna	JAGYHH010000011.1	118875	119708	+	cgsG	1-834/834	===============	0/0	100.00	97.12	vfdb	WP_001189322	(cgsG) curli production assembly/transport protein CsgG [Curli fibers (VF1138) - Adherence (VFC0001)] [Escherichia coli O25b:H4-ST131]	
/home/chijioke/OHG_project/assembled_genome/GCA_024998045.1_ASM2499804v1_genomic.fna	JAGYHH010000012.1	19017	19453	+	fur	1-437/453	===============	0/0	96.47	87.64	vfdb	NP_459678	(fur) ferric iron uptake transcriptional regulator [Fur (VF0113) - Regulation (VFC0301)] [Salmonella enterica subsp. enterica serovar Typhimurium str. LT2]	
/home/chijioke/OHG_project/assembled_genome/GCA_024998045.1_ASM2499804v1_genomic.fna	JAGYHH010000012.1	99168	99914	-	entA	1-747/747	===============	0/0	100.00	95.72	vfdb	WP_000348393	(entA) 23-dihydro-23-dihydroxybenzoate dehydrogenase EntA [Enterobactin (VF0228) - Nutritional/Metabolic factor (VFC0272)] [Escherichia coli CFT073]	
/home/chijioke/OHG_project/assembled_genome/GCA_024998045.1_ASM2499804v1_genomic.fna	JAGYHH010000012.1	99914	100771	-	entB	1-858/858	===============	0/0	100.00	98.14	vfdb	WP_001007140	(entB) isochorismatase [Enterobactin (VF0228) - Nutritional/Metabolic factor (VFC0272)] [Escherichia coli CFT073]	
/home/chijioke/OHG_project/assembled_genome/GCA_024998045.1_ASM2499804v1_genomic.fna	JAGYHH010000012.1	100785	102395	-	entE	1-1611/1611	===============	0/0	100.00	95.47	vfdb	WP_000026784	(entE) 23-dihydroxybenzoate-AMP ligase component of enterobactin synthase multienzyme complex [Enterobactin (VF0228) - Nutritional/Metabolic factor (VFC0272)] [Escherichia coli CFT073]	
/home/chijioke/OHG_project/assembled_genome/GCA_024998045.1_ASM2499804v1_genomic.fna	JAGYHH010000012.1	102405	103580	-	entC	1-1176/1176	===============	0/0	100.00	97.87	vfdb	WP_001336900	(entC) isochorismate synthase 1 [Enterobactin (VF0228) - Nutritional/Metabolic factor (VFC0272)] [Escherichia coli CFT073]	
/home/chijioke/OHG_project/assembled_genome/GCA_024998045.1_ASM2499804v1_genomic.fna	JAGYHH010000012.1	103955	104911	+	fepB	1-957/957	===============	0/0	100.00	97.49	vfdb	WP_001234311	(fepB) ferrienterobactin ABC transporter periplasmic binding protein [Enterobactin (VF0228) - Nutritional/Metabolic factor (VFC0272)] [Escherichia coli CFT073]	
/home/chijioke/OHG_project/assembled_genome/GCA_024998045.1_ASM2499804v1_genomic.fna	JAGYHH010000012.1	104915	106165	-	entS	1-1251/1251	===============	0/0	100.00	95.44	vfdb	WP_001041793	(entS) enterobactin exporter iron-regulated [Enterobactin (VF0228) - Nutritional/Metabolic factor (VFC0272)] [Escherichia coli CFT073]	
/home/chijioke/OHG_project/assembled_genome/GCA_024998045.1_ASM2499804v1_genomic.fna	JAGYHH010000012.1	106276	107280	+	fepD	1-1005/1005	===============	0/0	100.00	96.02	vfdb	WP_001443194	(fepD) ferrienterobactin ABC transporter permease [Enterobactin (VF0228) - Nutritional/Metabolic factor (VFC0272)] [Escherichia coli CFT073]	
/home/chijioke/OHG_project/assembled_genome/GCA_024998045.1_ASM2499804v1_genomic.fna	JAGYHH010000012.1	107277	108269	+	fepG	1-993/993	===============	0/0	100.00	94.06	vfdb	WP_000640938	(fepG) iron-enterobactin ABC transporter permease [Enterobactin (VF0228) - Nutritional/Metabolic factor (VFC0272)] [Escherichia coli CFT073]	
/home/chijioke/OHG_project/assembled_genome/GCA_024998045.1_ASM2499804v1_genomic.fna	JAGYHH010000012.1	108266	109081	+	fepC	1-816/816	===============	0/0	100.00	97.30	vfdb	WP_000140634	(fepC) ferrienterobactin ABC transporter ATPase [Enterobactin (VF0228) - Nutritional/Metabolic factor (VFC0272)] [Escherichia coli CFT073]	
/home/chijioke/OHG_project/assembled_genome/GCA_024998045.1_ASM2499804v1_genomic.fna	JAGYHH010000012.1	109078	110211	-	fepE	1-1134/1134	===============	0/0	100.00	94.44	vfdb	WP_000096764	(fepE) LPS O-antigen length regulator [Enterobactin (VF0228) - Nutritional/Metabolic factor (VFC0272)] [Escherichia coli CFT073]	
/home/chijioke/OHG_project/assembled_genome/GCA_024998045.1_ASM2499804v1_genomic.fna	JAGYHH010000012.1	110455	114308	-	entF	1-3854/3882	===============	0/0	99.28	95.69	vfdb	WP_000077767	(entF) enterobactin synthase multienzyme complex component ATP-dependent [Enterobactin (VF0228) - Nutritional/Metabolic factor (VFC0272)] [Escherichia coli CFT073]	
/home/chijioke/OHG_project/assembled_genome/GCA_024998045.1_ASM2499804v1_genomic.fna	JAGYHH010000012.1	114526	115728	-	fes	1-1203/1203	===============	0/0	100.00	96.67	vfdb	WP_000125846	(fes) enterobactin/ferric enterobactin esterase [Enterobactin (VF0228) - Nutritional/Metabolic factor (VFC0272)] [Escherichia coli CFT073]	
/home/chijioke/OHG_project/assembled_genome/GCA_024998045.1_ASM2499804v1_genomic.fna	JAGYHH010000012.1	115971	118211	+	fepA	1-2241/2241	===============	0/0	100.00	96.74	vfdb	WP_001034892	(fepA) ferrienterobactin outer membrane transporter [Enterobactin (VF0228) - Nutritional/Metabolic factor (VFC0272)] [Escherichia coli CFT073]	
/home/chijioke/OHG_project/assembled_genome/GCA_024998045.1_ASM2499804v1_genomic.fna	JAGYHH010000012.1	118386	119006	+	entD	1-621/621	===============	0/0	100.00	95.01	vfdb	WP_001375021	(entD) phosphopantetheinyl transferase component of enterobactin synthase multienzyme complex [Enterobactin (VF0228) - Nutritional/Metabolic factor (VFC0272)] [Escherichia coli CFT073]	
/home/chijioke/OHG_project/assembled_genome/GCA_024998045.1_ASM2499804v1_genomic.fna	JAGYHH010000017.1	38054	39482	-	aslA	1-1428/1428	========/======	1/1	100.00	93.56	vfdb	AAG10151	(aslA) putative arylsulfatase [AslA (VF0238) - Invasion (VFC0083)] [Escherichia coli O18:K1:H7 str. RS218]	
/home/chijioke/OHG_project/assembled_genome/GCA_024998045.1_ASM2499804v1_genomic.fna	JAGYHH010000023.1	59706	61746	+	vgrG/tssI	1-2065/2142	========/======	3/26	95.24	88.96	vfdb	WP_000103365	(vgrG/tssI) type VI secretion system effector VgrG [T6SS (VF0579) - Effector delivery system (VFC0086)] [Shigella sonnei Ss046]	
/home/chijioke/OHG_project/assembled_genome/GCA_024998045.1_ASM2499804v1_genomic.fna	JAGYHH010000024.1	7324	9510	-	espL4	1-2187/2187	===============	0/0	100.00	97.35	vfdb	WP_000627910	(espL4) Type III secretion system effector EspL4 [TTSS secreted effectors (VF1110) - Effector delivery system (VFC0086)] [Escherichia coli O157:H7 str. EDL933]	
/home/chijioke/OHG_project/assembled_genome/GCA_024998045.1_ASM2499804v1_genomic.fna	JAGYHH010000024.1	37726	39306	+	espX4	1-1581/1581	========/======	2/2	99.94	93.24	vfdb	WP_000900547	(espX4) Type III secretion system effector EspX4 [TTSS secreted effectors (VF1110) - Effector delivery system (VFC0086)] [Escherichia coli O157:H7 str. EDL933]	
/home/chijioke/OHG_project/assembled_genome/GCA_024998045.1_ASM2499804v1_genomic.fna	JAGYHH010000025.1	4672	5274	+	fimB	1-603/603	===============	0/0	100.00	98.01	vfdb	WP_000790574	(fimB) Type 1 fimbriae Regulatory protein fimB [Type 1 fimbriae (VF0221) - Adherence (VFC0001)] [Escherichia coli CFT073]	
/home/chijioke/OHG_project/assembled_genome/GCA_024998045.1_ASM2499804v1_genomic.fna	JAGYHH010000025.1	5752	6348	+	fimE	1-597/597	===============	0/0	100.00	98.66	vfdb	WP_000044711	(fimE) Type 1 fimbriae Regulatory protein fimE [Type 1 fimbriae (VF0221) - Adherence (VFC0001)] [Escherichia coli CFT073]	
/home/chijioke/OHG_project/assembled_genome/GCA_024998045.1_ASM2499804v1_genomic.fna	JAGYHH010000025.1	6830	7384	+	fimA	1-549/549	========/======	1/6	100.00	87.57	vfdb	WP_000695571	(fimA) Type-1 fimbrial protein A chain precursor [Type 1 fimbriae (VF0221) - Adherence (VFC0001)] [Escherichia coli CFT073]	
/home/chijioke/OHG_project/assembled_genome/GCA_024998045.1_ASM2499804v1_genomic.fna	JAGYHH010000025.1	7449	7988	+	fimI	1-540/540	===============	0/0	100.00	98.70	vfdb	WP_000824100	(fimI) Fimbrin-like protein fimI precursor [Type 1 fimbriae (VF0221) - Adherence (VFC0001)] [Escherichia coli CFT073]	
/home/chijioke/OHG_project/assembled_genome/GCA_024998045.1_ASM2499804v1_genomic.fna	JAGYHH010000025.1	8025	8750	+	fimC	1-726/726	===============	0/0	100.00	98.62	vfdb	WP_000066579	(fimC) Chaperone protein fimC precursor [Type 1 fimbriae (VF0221) - Adherence (VFC0001)] [Escherichia coli CFT073]	
/home/chijioke/OHG_project/assembled_genome/GCA_024998045.1_ASM2499804v1_genomic.fna	JAGYHH010000025.1	8817	11453	+	fimD	1-2637/2637	===============	0/0	100.00	98.44	vfdb	WP_000120946	(fimD) Outer membrane usher protein fimD precursor [Type 1 fimbriae (VF0221) - Adherence (VFC0001)] [Escherichia coli CFT073]	
/home/chijioke/OHG_project/assembled_genome/GCA_024998045.1_ASM2499804v1_genomic.fna	JAGYHH010000025.1	11463	11993	+	fimF	1-531/531	===============	0/0	100.00	97.74	vfdb	WP_001244821	(fimF) FimF protein precursor [Type 1 fimbriae (VF0221) - Adherence (VFC0001)] [Escherichia coli CFT073]	
/home/chijioke/OHG_project/assembled_genome/GCA_024998045.1_ASM2499804v1_genomic.fna	JAGYHH010000025.1	12006	12509	+	fimG	1-504/504	===============	0/0	100.00	98.21	vfdb	WP_000872015	(fimG) FimG protein precursor [Type 1 fimbriae (VF0221) - Adherence (VFC0001)] [Escherichia coli CFT073]	
/home/chijioke/OHG_project/assembled_genome/GCA_024998045.1_ASM2499804v1_genomic.fna	JAGYHH010000025.1	12529	13431	+	fimH	1-903/903	===============	0/0	100.00	97.12	vfdb	WP_000832235	(fimH) FimH protein precursor [Type 1 fimbriae (VF0221) - Adherence (VFC0001)] [Escherichia coli CFT073]	
/home/chijioke/OHG_project/assembled_genome/GCA_024998045.1_ASM2499804v1_genomic.fna	JAGYHH010000026.1	3299	5032	+	ibeC	1-1734/1734	===============	0/0	100.00	97.58	vfdb	WP_000556298	(ibeC) phosphoethanolamine transferase CptA [Ibes (VF0237) - Invasion (VFC0083)] [Escherichia coli O45:K1:H7 str. S88]	
/home/chijioke/OHG_project/assembled_genome/GCA_024998045.1_ASM2499804v1_genomic.fna	JAGYHH010000027.1	8650	10031	-	ibeB	1-1382/1383	===============	0/0	99.93	96.53	vfdb	WP_000074207	(ibeB) Cu(+)/Ag(+) efflux RND transporter outer membrane channel CusC [Ibes (VF0237) - Invasion (VFC0083)] [Escherichia coli O45:K1:H7 str. S88]	
/home/chijioke/OHG_project/assembled_genome/GCA_024998045.1_ASM2499804v1_genomic.fna	JAGYHH010000027.1	43821	45182	-	allB	1-1362/1362	========/======	3/6	99.78	82.86	vfdb	WP_012737535	(allB) allantoinase [Allantion utilization (VF0572) - Nutritional/Metabolic factor (VFC0272)] [Klebsiella pneumoniae subsp. pneumoniae NTUH-K2044]	
/home/chijioke/OHG_project/assembled_genome/GCA_024998045.1_ASM2499804v1_genomic.fna	JAGYHH010000031.1	7219	8511	-	espX5	1-1293/1293	===============	0/0	100.00	97.45	vfdb	WP_001270087	(espX5) Type III secretion system effector EspX5 [TTSS secreted effectors (VF1111) - Effector delivery system (VFC0086)] [Escherichia coli O55:H7 str. CB9615]	
/home/chijioke/OHG_project/assembled_genome/GCA_024998045.1_ASM2499804v1_genomic.fna	JAGYHH010000033.1	42685	43393	-	yagV/ecpE	1-709/711	===============	0/0	99.72	97.04	vfdb	WP_001301550	(yagV/ecpE) E. coli common pilus chaperone EcpE [ECP (VF0404) - Adherence (VFC0001)] [Escherichia coli O157:H7 str. EDL933]	
/home/chijioke/OHG_project/assembled_genome/GCA_024998045.1_ASM2499804v1_genomic.fna	JAGYHH010000033.1	43362	45005	-	yagW/ecpD	1-1644/1644	===============	0/0	100.00	99.09	vfdb	WP_001265657	(yagW/ecpD) polymerized tip adhesin of ECP fibers [ECP (VF0404) - Adherence (VFC0001)] [Escherichia coli O157:H7 str. EDL933]	
/home/chijioke/OHG_project/assembled_genome/GCA_024998045.1_ASM2499804v1_genomic.fna	JAGYHH010000033.1	44995	47520	-	yagX/ecpC	1-2526/2526	===============	0/0	100.00	98.77	vfdb	WP_001131063	(yagX/ecpC) E. coli common pilus usher EcpC [ECP (VF0404) - Adherence (VFC0001)] [Escherichia coli O157:H7 str. EDL933]	
/home/chijioke/OHG_project/assembled_genome/GCA_024998045.1_ASM2499804v1_genomic.fna	JAGYHH010000033.1	47546	48214	-	yagY/ecpB	1-669/669	===============	0/0	100.00	98.06	vfdb	WP_000716386	(yagY/ecpB) E. coli common pilus chaperone EcpB [ECP (VF0404) - Adherence (VFC0001)] [Escherichia coli O157:H7 str. EDL933]	
/home/chijioke/OHG_project/assembled_genome/GCA_024998045.1_ASM2499804v1_genomic.fna	JAGYHH010000033.1	48272	48859	-	yagZ/ecpA	1-588/588	===============	0/0	100.00	99.15	vfdb	WP_000730972	(yagZ/ecpA) E. coli common pilus structural subunit EcpA [ECP (VF0404) - Adherence (VFC0001)] [Escherichia coli O157:H7 str. EDL933]	
/home/chijioke/OHG_project/assembled_genome/GCA_024998045.1_ASM2499804v1_genomic.fna	JAGYHH010000034.1	11482	12132	+	rcsB	1-651/651	===============	0/0	100.00	84.48	vfdb	WP_002913007	(rcsB) transcriptional regulator RcsB [RcsAB (VF0571) - Regulation (VFC0301)] [Klebsiella pneumoniae subsp. pneumoniae NTUH-K2044]	
/home/chijioke/OHG_project/assembled_genome/GCA_024998045.1_ASM2499804v1_genomic.fna	JAGYHH010000035.1	3134	3738	+	AAA92657	1-606/606	========/======	1/1	99.83	98.52	vfdb	AAA92657	(AAA92657) unknown protein [TraJ (VF0241) - Invasion (VFC0083)] [Escherichia coli]	
/home/chijioke/OHG_project/assembled_genome/GCA_024998045.1_ASM2499804v1_genomic.fna	JAGYHH010000037.1	21983	22561	+	flhC	1-579/579	========/======	2/2	99.83	81.72	vfdb	WP_013096051	(flhC) flagellar transcriptional regulator FlhC [Flagella (VF1400) - Motility (VFC0204)] [Enterobacter cloacae strain M12X01451]	
/home/chijioke/OHG_project/assembled_genome/GCA_024998045.1_ASM2499804v1_genomic.fna	JAGYHH010000037.1	22688	23575	+	motA	1-888/888	===============	0/0	100.00	82.21	vfdb	WP_008500417	(motA) flagellar motor stator protein MotA [Flagella (VF1400) - Motility (VFC0204)] [Enterobacter cloacae strain M12X01451]	
/home/chijioke/OHG_project/assembled_genome/GCA_024998045.1_ASM2499804v1_genomic.fna	JAGYHH010000037.1	23635	24423	+	motB	67-855/930	.=============.	0/0	84.84	80.48	vfdb	WP_013096052	(motB) flagellar motor protein MotB [Flagella (VF1400) - Motility (VFC0204)] [Enterobacter cloacae strain M12X01451]	
/home/chijioke/OHG_project/assembled_genome/GCA_024998045.1_ASM2499804v1_genomic.fna	JAGYHH010000037.1	26488	26976	+	cheW	1-489/504	===============	0/0	97.02	83.03	vfdb	WP_013096054	(cheW) chemotaxis protein CheW [Flagella (VF1400) - Motility (VFC0204)] [Enterobacter cloacae strain M12X01451]	
/home/chijioke/OHG_project/assembled_genome/GCA_024998045.1_ASM2499804v1_genomic.fna	JAGYHH010000037.1	31326	32373	+	cheB	1-1048/1050	===============	0/0	99.81	82.25	vfdb	WP_003859716	(cheB) protein-glutamate methylesterase/protein-glutamine glutaminase [Flagella (VF1400) - Motility (VFC0204)] [Enterobacter cloacae strain M12X01451]	
/home/chijioke/OHG_project/assembled_genome/GCA_024998045.1_ASM2499804v1_genomic.fna	JAGYHH010000037.1	32390	32779	+	cheY	1-390/390	===============	0/0	100.00	83.85	vfdb	WP_008500431	(cheY) chemotaxis response regulator CheY [Flagella (VF1400) - Motility (VFC0204)] [Enterobacter cloacae strain M12X01451]	
/home/chijioke/OHG_project/assembled_genome/GCA_024998045.1_ASM2499804v1_genomic.fna	JAGYHH010000037.1	32790	33434	+	cheZ	1-645/645	===============	0/0	100.00	80.16	vfdb	WP_013096065	(cheZ) protein phosphatase CheZ [Flagella (VF1400) - Motility (VFC0204)] [Enterobacter cloacae strain M12X01451]	
/home/chijioke/OHG_project/assembled_genome/GCA_024998045.1_ASM2499804v1_genomic.fna	JAGYHH010000037.1	34782	36855	+	flhA	6-2079/2079	===============	0/0	99.76	82.11	vfdb	WP_020687642	(flhA) flagellar biosynthesis protein FlhA [Flagella (VF1400) - Motility (VFC0204)] [Enterobacter cloacae strain M12X01451]	
/home/chijioke/OHG_project/assembled_genome/GCA_024998045.1_ASM2499804v1_genomic.fna	JAGYHH010000038.1	11894	12947	-	espR1	198-1253/1260	..======/======	2/2	83.65	93.84	vfdb	WP_000671691	(espR1) Type III secretion system effector espR1 [TTSS secreted effectors (VF1111) - Effector delivery system (VFC0086)] [Escherichia coli O55:H7 str. CB9615]	
/home/chijioke/OHG_project/assembled_genome/GCA_024998045.1_ASM2499804v1_genomic.fna	JAGYHH010000039.1	100	3834	-	rhs/PAAR	1-3690/4209	========/=====.	10/55	87.55	91.66	vfdb	WP_000508696	(rhs/PAAR) Type VI secretion system protein PAAR family [T6SS (VF0579) - Effector delivery system (VFC0086)] [Shigella sonnei Ss046]	
/home/chijioke/OHG_project/assembled_genome/GCA_024998045.1_ASM2499804v1_genomic.fna	JAGYHH010000039.1	3910	6051	-	vgrG/tssI	1-2142/2142	===============	0/0	100.00	98.04	vfdb	WP_000103365	(vgrG/tssI) type VI secretion system effector VgrG [T6SS (VF0579) - Effector delivery system (VFC0086)] [Shigella sonnei Ss046]	
/home/chijioke/OHG_project/assembled_genome/GCA_024998045.1_ASM2499804v1_genomic.fna	JAGYHH010000039.1	6261	6779	-	hcp2/tssD2	1-519/519	===============	0/0	100.00	99.04	vfdb	WP_001142968	(hcp2/tssD2) Type VI secretion system protein Hcp family [T6SS (VF0579) - Effector delivery system (VFC0086)] [Shigella sonnei Ss046]	
/home/chijioke/OHG_project/assembled_genome/GCA_024998045.1_ASM2499804v1_genomic.fna	JAGYHH010000039.1	7474	7974	+	tssB	1-501/501	===============	0/0	100.00	98.00	vfdb	WP_000037389	(tssB) Type VI secretion system protein TssB [T6SS (VF0579) - Effector delivery system (VFC0086)] [Shigella sonnei Ss046]	
/home/chijioke/OHG_project/assembled_genome/GCA_024998045.1_ASM2499804v1_genomic.fna	JAGYHH010000039.1	8284	9759	+	tssC	1-1476/1476	===============	0/0	100.00	99.46	vfdb		(tssC) Type VI secretion system protein TssC [T6SS (VF0579) - Effector delivery system (VFC0086)] [Shigella sonnei Ss046]	
/home/chijioke/OHG_project/assembled_genome/GCA_024998045.1_ASM2499804v1_genomic.fna	JAGYHH010000039.1	10183	12033	+	tssF	1-1851/1851	===============	0/0	100.00	99.57	vfdb	WP_000393837	(tssF) Type VI secretion system protein TssF [T6SS (VF0579) - Effector delivery system (VFC0086)] [Shigella sonnei Ss046]	
/home/chijioke/OHG_project/assembled_genome/GCA_024998045.1_ASM2499804v1_genomic.fna	JAGYHH010000039.1	11997	13079	+	tssG	1-1083/1083	===============	0/0	100.00	99.45	vfdb	WP_000348788	(tssG) Type VI secretion system protein TssG [T6SS (VF0579) - Effector delivery system (VFC0086)] [Shigella sonnei Ss046]	
/home/chijioke/OHG_project/assembled_genome/GCA_024998045.1_ASM2499804v1_genomic.fna	JAGYHH010000039.1	13104	14384	+	fha	1-1281/1281	===============	0/0	100.00	99.61	vfdb	WP_001113715	(fha) Type VI secretion system protein Fha [T6SS (VF0579) - Effector delivery system (VFC0086)] [Shigella sonnei Ss046]	
/home/chijioke/OHG_project/assembled_genome/GCA_024998045.1_ASM2499804v1_genomic.fna	JAGYHH010000039.1	14381	14905	+	tssJ	1-525/525	===============	0/0	100.00	98.86	vfdb	WP_001080148	(tssJ) Type VI secretion system protein TssJ [T6SS (VF0579) - Effector delivery system (VFC0086)] [Shigella sonnei Ss046]	
/home/chijioke/OHG_project/assembled_genome/GCA_024998045.1_ASM2499804v1_genomic.fna	JAGYHH010000039.1	14908	16239	+	tssK	1-1330/1330	========/======	1/2	100.00	98.87	vfdb		(tssK) Type VI secretion system protein TssK [T6SS (VF0579) - Effector delivery system (VFC0086)] [Shigella sonnei Ss046]	
/home/chijioke/OHG_project/assembled_genome/GCA_024998045.1_ASM2499804v1_genomic.fna	JAGYHH010000039.1	16244	17005	+	tssL	1-762/762	===============	0/0	100.00	100.00	vfdb	WP_000343289	(tssL) Type VI secretion system protein TssL [T6SS (VF0579) - Effector delivery system (VFC0086)] [Shigella sonnei Ss046]	
/home/chijioke/OHG_project/assembled_genome/GCA_024998045.1_ASM2499804v1_genomic.fna	JAGYHH010000039.1	17014	19779	+	clpV/tssH	1-2778/2778	========/======	1/12	99.57	99.24	vfdb		(clpV/tssH) Type VI secretion system ATPase ClpV/TssH [T6SS (VF0579) - Effector delivery system (VFC0086)] [Shigella sonnei Ss046]	
/home/chijioke/OHG_project/assembled_genome/GCA_024998045.1_ASM2499804v1_genomic.fna	JAGYHH010000039.1	20524	21936	+	tssA	1-1413/1413	===============	0/0	100.00	99.58	vfdb	WP_001240533	(tssA) Type VI secretion system protein TssA [T6SS (VF0579) - Effector delivery system (VFC0086)] [Shigella sonnei Ss046]	
/home/chijioke/OHG_project/assembled_genome/GCA_024998045.1_ASM2499804v1_genomic.fna	JAGYHH010000039.1	21955	23584	+	tssM	1-1630/1680	===============	0/0	97.02	99.02	vfdb	WP_011310140	(tssM) Type VI secretion system protein TssM [T6SS (VF0579) - Effector delivery system (VFC0086)] [Shigella sonnei Ss046]	
/home/chijioke/OHG_project/assembled_genome/GCA_024998045.1_ASM2499804v1_genomic.fna	JAGYHH010000039.1	23579	25479	+	tssM	2-1902/1902	===============	0/0	99.95	98.95	vfdb		(tssM) Type VI secretion system protein TssM [T6SS (VF0579) - Effector delivery system (VFC0086)] [Shigella sonnei Ss046]	
/home/chijioke/OHG_project/assembled_genome/GCA_024998045.1_ASM2499804v1_genomic.fna	JAGYHH010000039.1	25490	26842	+	tssA	1-1353/1353	===============	0/0	100.00	99.56	vfdb	WP_001087735	(tssA) Type VI secretion system protein TssA [T6SS (VF0579) - Effector delivery system (VFC0086)] [Shigella sonnei Ss046]	
/home/chijioke/OHG_project/assembled_genome/GCA_024998045.1_ASM2499804v1_genomic.fna	JAGYHH010000039.1	26866	27348	+	hcp1/tssD1	1-483/483	===============	0/0	100.00	100.00	vfdb	WP_001284199	(hcp1/tssD1) type VI secretion system protein Hcp family [T6SS (VF0579) - Effector delivery system (VFC0086)] [Shigella sonnei Ss046]	
/home/chijioke/OHG_project/assembled_genome/GCA_024998045.1_ASM2499804v1_genomic.fna	JAGYHH010000040.1	28510	29400	+	galF	1-891/891	===============	0/0	100.00	98.77	vfdb	WP_001741945	(galF) GalU regulator GalF [Capsule (VF0560) - Immune modulation (VFC0258)] [Klebsiella pneumoniae subsp. pneumoniae NTUH-K2044]	
/home/chijioke/OHG_project/assembled_genome/GCA_024998045.1_ASM2499804v1_genomic.fna	JAGYHH010000040.1	29793	30421	+	KP1_RS17355	1-629/630	========/======	2/2	99.68	89.21	vfdb	WP_014907219	(KP1_RS17355) phosphatase PAP2 family protein [Capsule (VF0560) - Immune modulation (VFC0258)] [Klebsiella pneumoniae subsp. pneumoniae NTUH-K2044]	
/home/chijioke/OHG_project/assembled_genome/GCA_024998045.1_ASM2499804v1_genomic.fna	JAGYHH010000040.1	31820	33253	+	KP1_RS17345	1-1434/1434	===============	0/0	100.00	86.47	vfdb	WP_041937790	(KP1_RS17345) capsule assembly Wzi family protein [Capsule (VF0560) - Immune modulation (VFC0258)] [Klebsiella pneumoniae subsp. pneumoniae NTUH-K2044]	
/home/chijioke/OHG_project/assembled_genome/GCA_024998045.1_ASM2499804v1_genomic.fna	JAGYHH010000040.1	33399	34505	+	KP1_RS17340	1-1107/1134	===============	0/0	97.62	80.31	vfdb	WP_014907221	(KP1_RS17340) polysaccharide export protein [Capsule (VF0560) - Immune modulation (VFC0258)] [Klebsiella pneumoniae subsp. pneumoniae NTUH-K2044]	
/home/chijioke/OHG_project/assembled_genome/GCA_024998045.1_ASM2499804v1_genomic.fna	JAGYHH010000042.1	23964	24229	-	fliQ	1-266/270	===============	0/0	98.52	83.46	vfdb	WP_008500315	(fliQ) flagellar biosynthesis protein FliQ [Flagella (VF1400) - Motility (VFC0204)] [Enterobacter cloacae strain M12X01451]	
/home/chijioke/OHG_project/assembled_genome/GCA_024998045.1_ASM2499804v1_genomic.fna	JAGYHH010000042.1	24243	24916	-	fliP	61-734/738	.=======/======	2/4	91.06	82.69	vfdb	WP_013097738	(fliP) flagellar type III secretion system pore protein FliP [Flagella (VF1400) - Motility (VFC0204)] [Enterobacter cloacae strain M12X01451]	
/home/chijioke/OHG_project/assembled_genome/GCA_024998045.1_ASM2499804v1_genomic.fna	JAGYHH010000042.1	25345	25757	-	fliN	1-413/414	===============	0/0	99.76	85.23	vfdb	WP_008500318	(fliN) flagellar motor switch protein FliN [Flagella (VF1400) - Motility (VFC0204)] [Enterobacter cloacae strain M12X01451]	
/home/chijioke/OHG_project/assembled_genome/GCA_024998045.1_ASM2499804v1_genomic.fna	JAGYHH010000042.1	25754	26797	-	fliM	1-1005/1005	========/======	1/39	100.00	81.51	vfdb	WP_013097736	(fliM) flagellar motor switch protein FliM [Flagella (VF1400) - Motility (VFC0204)] [Enterobacter cloacae strain M12X01451]	
/home/chijioke/OHG_project/assembled_genome/GCA_024998045.1_ASM2499804v1_genomic.fna	JAGYHH010000042.1	28969	30330	-	fliI	1-1362/1371	========/======	4/4	99.20	82.19	vfdb	WP_013097732	(fliI) flagellar protein export ATPase FliI [Flagella (VF1400) - Motility (VFC0204)] [Enterobacter cloacae strain M12X01451]	
/home/chijioke/OHG_project/assembled_genome/GCA_024998045.1_ASM2499804v1_genomic.fna	JAGYHH010000042.1	31011	32004	-	fliG	1-997/999	========/======	3/5	99.40	87.07	vfdb	WP_008500327	(fliG) flagellar motor switch protein FliG [Flagella (VF1400) - Motility (VFC0204)] [Enterobacter cloacae strain M12X01451]	
/home/chijioke/OHG_project/assembled_genome/GCA_024998045.1_ASM2499804v1_genomic.fna	JAGYHH010000042.1	33876	34184	+	fliE	4-315/315	========/======	2/5	97.78	81.79	vfdb	WP_013097729	(fliE) flagellar hook-basal body complex protein FliE [Flagella (VF1400) - Motility (VFC0204)] [Enterobacter cloacae strain M12X01451]	
/home/chijioke/OHG_project/assembled_genome/GCA_024998045.1_ASM2499804v1_genomic.fna	JAGYHH010000051.1	20132	24380	-	fdeC	1-4246/4251	========/======	1/3	99.88	94.21	vfdb	WP_000092542	(fdeC) adhesin FdeC [FdeC (VF0506) - Adherence (VFC0001)] [Escherichia coli O45:K1:H7 str. S88]	
/home/chijioke/OHG_project/assembled_genome/GCA_024998045.1_ASM2499804v1_genomic.fna	JAGYHH010000061.1	12275	13681	+	gndA	1-1407/1407	===============	0/0	100.00	97.73	vfdb	WP_014907233	(gndA) NADP-dependent phosphogluconate dehydrogenase [Capsule (VF0560) - Immune modulation (VFC0258)] [Klebsiella pneumoniae subsp. pneumoniae NTUH-K2044]	
/home/chijioke/OHG_project/assembled_genome/GCA_024998045.1_ASM2499804v1_genomic.fna	JAGYHH010000061.1	13909	15324	+	KP1_RS17280	1-1416/1416	===============	0/0	100.00	98.16	vfdb	WP_014907234	(KP1_RS17280) mannose-1-phosphate guanylyltransferase/mannose-6-phosphate isomerase [Capsule (VF0560) - Immune modulation (VFC0258)] [Klebsiella pneumoniae subsp. pneumoniae NTUH-K2044]	
/home/chijioke/OHG_project/assembled_genome/GCA_024998045.1_ASM2499804v1_genomic.fna	JAGYHH010000061.1	15347	16717	+	rfbK1	1-1371/1371	===============	0/0	100.00	98.54	vfdb	WP_004899416	(rfbK1) O9 family phosphomannomutase RfbK1 [Capsule (VF0560) - Immune modulation (VFC0258)] [Klebsiella pneumoniae subsp. pneumoniae NTUH-K2044]	
/home/chijioke/OHG_project/assembled_genome/GCA_024998045.1_ASM2499804v1_genomic.fna	JAGYHH010000061.1	16881	18047	+	ugd	1-1167/1167	===============	0/0	100.00	96.06	vfdb	WP_004175261	(ugd) UDP-glucose 6-dehydrogenase [Capsule (VF0560) - Immune modulation (VFC0258)] [Klebsiella pneumoniae subsp. pneumoniae NTUH-K2044]	
/home/chijioke/OHG_project/assembled_genome/GCA_024998045.1_ASM2499804v1_genomic.fna	JAGYHH010000062.1	7035	7703	-	pmrA	1-669/669	===============	0/0	100.00	81.17	vfdb	NP_463157	(pmrA) response regulator PmrA [PmrAB (VF1355) - Regulation (VFC0301)] [Salmonella enterica subsp. enterica serovar Typhimurium str. LT2]	
/home/chijioke/OHG_project/assembled_genome/GCA_024998045.1_ASM2499804v1_genomic.fna	JAGYHH010000068.1	3725	4839	+	iroB	1-1115/1116	===============	0/0	99.91	98.30	vfdb	WP_001221122	(iroB) glucosyltransferase IroB [Salmochelin siderophore (VF0230) - Nutritional/Metabolic factor (VFC0272)] [Escherichia coli CFT073]	
/home/chijioke/OHG_project/assembled_genome/GCA_024998045.1_ASM2499804v1_genomic.fna	JAGYHH010000068.1	4980	8639	+	iroC	1-3660/3660	===============	0/0	100.00	99.15	vfdb	WP_001111200	(iroC) ATP binding cassette transporter [Salmochelin siderophore (VF0230) - Nutritional/Metabolic factor (VFC0272)] [Escherichia coli CFT073]	
/home/chijioke/OHG_project/assembled_genome/GCA_024998045.1_ASM2499804v1_genomic.fna	JAGYHH010000068.1	8743	9972	+	iroD	1-1230/1230	===============	0/0	100.00	98.86	vfdb	WP_000933673	(iroD) esterase [Salmochelin siderophore (VF0230) - Nutritional/Metabolic factor (VFC0272)] [Escherichia coli CFT073]	
/home/chijioke/OHG_project/assembled_genome/GCA_024998045.1_ASM2499804v1_genomic.fna	JAGYHH010000068.1	10057	11013	+	iroE	1-957/957	===============	0/0	100.00	99.58	vfdb	WP_000271272	(iroE) esterase [Salmochelin siderophore (VF0230) - Nutritional/Metabolic factor (VFC0272)] [Escherichia coli CFT073]	
/home/chijioke/OHG_project/assembled_genome/GCA_024998045.1_ASM2499804v1_genomic.fna	JAGYHH010000068.1	11058	13235	-	iroN	1-2178/2178	===============	0/0	100.00	99.04	vfdb	WP_001222189	(iroN) salmochelin receptor IroN [Salmochelin siderophore (VF0230) - Nutritional/Metabolic factor (VFC0272)] [Escherichia coli CFT073]	
